9
chapel
eng1
eng_comuni1
calc1
physics`
physics_experiment1
chemistry
chemistry_experiment
digital_circuit
1
0 11 12
0
1
0 12 13
0
1
1 11 12
0
1
2 11 12
0
0
1
0 9 10
2 9 10
0
1
0 11 12
2 11 12
0
1
0 12 13
2 12 13
0
1
1 14 15
3 14 15
0
1
1 15 16
3 15 16
0
1
1 12 13
3 12 13
0
1
0 14 15
2 14 15
0
0
1
0 12 13
2 12 13
0
1
1 10 11
3 10 11
0
1
1 11 12
3 11 12
0
1
1 12 13
3 12 13
0
1
1 14 15
3 14 15
0
1
1 15 16
3 15 16
0
1
0 14 15
2 14 15
0
1
1 16 17
3 16 17
0
1
0 13 14
2 13 14
0
1
1 13 14
3 13 14
0
1
1 9 10
3 9 10
0
0
1
0 9 11
2 9 10
0
1
0 11 13
2 11 12
0
1
0 15 17
2 15 16
0
1
1 9 11
3 9 10
0
1
1 11 12
3 10 12
0
1
1 15 17
3 15 16
0
1
0 13 15
2 13 14
0
1
1 12 14
3 12 13
0
0
1
0 9 11
2 9 10
0
1
0 13 15
2 13 14
0
1
0 15 17
2 15 16
0
1
0 11 13
2 11 12
0
1
0 9 10
2 9 11
0
1
1 9 11
3 9 10
0
1
1 11 13
3 12 13
0
1
1 13 15
3 13 14
0
0
1
0 9 11
0
1
0 11 13
0
1
0 13 15
0
1
1 9 11
0
1
1 11 13
0
1
1 13 15
0
1
2 9 11
0
1
2 11 13
0
1
2 13 15
0
1
3 9 11
0
1
3 11 13
0
0
1
0 10 11
2 9 11
0
1
0 11 12
2 11 13
0
1
0 13 15
2 13 14
0
1
0 15 17
2 15 16
0
1
1 9 11
3 9 10
0
1
1 12 14
3 12 13
0
1
1 14 15
3 13 15
0
0
1
0 13 15
0
1
2 13 15
0
1
3 9 11
0
0
1
0 15 17
2 16 17
0
1
1 14 15
3 10 12
0
0